	
berlin10_d3	45	3678	3678.000000	3678.000000	3678.000000	0.016498	7	7	7	0	451	315	101	0.007049	
berlin10_d5	45	6019	6019.000000	6019.000000	6019.000000	1.155091	1701	1701	1701	0	451	315	101	0.006748	
berlin30_d10	435	10287	9887.510286	10287.000000	9887.510286	3600.194750	54627	54627	51360	3267	8846	4930	107	0.589333	
berlin30_d15	435	14404	12330.505825	14404.000000	12330.505825	3603.660642	8237	8237	4191	4046	13051	7395	107	4.393900	
berlin52_d10	1326	9959	9648.536585	9959.000000	9648.536585	3601.278456	6755	6755	5989	766	27337	14280	107	2.758961	
berlin52_d20	1326	17563	14486.824586	17563.000000	14486.824586	3738.915181	353	353	176	177	53347	28560	107	44.700524	
berlin52_d26	1326	23210	17901.429912	23210.000000	17901.429912	3700.679176	193	193	96	97	68953	37128	107	140.009659	
st70_d15	2415	1531	1105.251803	1531.000000	1105.251803	3649.997228	529	529	264	265	73831	38295	107	53.226294	
st70_d26	2415	2298	1604.658986	2298.000000	1604.658986	3946.752123	71	71	35	36	126202	66378	107	317.633036	
st70_d35	2415	3013	2138.957979	3013.000000	2138.957979	6167.668007	25	25	14	11	169051	89355	107	1091.559269		
berlin10_d5	10	45	5	6019	6019.000000	1169	1169	566	0	451	315	101	0.006941	0.714823	0	
berlin10_d5	10	45	5	6019	6019.000000	1231	1231	590	0	451	315	101	0.006980	1.113518	0	
berlin10_d5	10	45	5	6019	6019.000000	1663	1663	794	0	451	315	101	0.007242	1.492804	0	
berlin10_d5	10	45	5	6019	6019.000000	933	933	447	0	451	315	101	0.005035	1.683051	0	
berlin10_d3	10	45	5	3678	3678.000000	3	3	1	0	451	317	101	0.007532	0.010658	0	
berlin10_d3	10	45	5	3677	3677.000000	5	3	0	2	451	317	101	0.007156	0.011050	0	
berlin10_d3	10	45	5	3677	3677.000000	5	3	0	2	451	317	101	0.006852	0.010756	0	
berlin10_d3	10	45	5	3677	3677.000000	5	3	0	2	451	317	101	0.005389	0.010870	0	
berlin10_d3	10	45	5	3677	3677.000000	5	3	0	2	451	317	101	0.006849	0.011271	0	
berlin10_d3	10	45	5	3677	3677.000000	5	3	0	2	451	317	101	0.005710	0.009611	0	
berlin10_d3	10	45	5	3677	3677.000000	5	3	0	2	451	317	101	0.007722	0.011674	0	
berlin10_d5	10	45	5	6019	6019.000000	929	929	441	0	451	315	101	0.004915	3.618882	0	
berlin30_d10	30	435	10	10294	9797.612462	10055	8500	3470	1555	8846	4930	107	0.822595	3602.333757	0	
berlin10_d5	10	45	5	6018	6018.000000	1003	1003	476	0	451	315	101	0.007089	2.073145	0	
berlin10_d5	10	45	5	6019	6019.000000	907	907	435	0	451	315	101	0.016346	3.012984	0	
berlin10_d5	10	45	5	6019	6019.000000	965	965	461	0	451	315	101	0.014323	4.126145	0	
berlin10_d5	10	45	5	6019	6019.000000	897	897	428	0	451	315	101	0.017551	6.047426	0	
berlin10_d5	10	45	5	6019	6019.000000	1035	1035	488	0	451	315	87	0	87	0	0	0	0	0	101	0.007340	2.163182	0	
berlin10_d5	10	45	5	6019	6019.000000	907	907	430	0	451	315	78	0	78	0	0	0	0	0	101	0.007272	1.898333	0	
berlin10_d5	10	45	5	6019	6019.000000	929	929	441	0	451	315	77	0	77	0	0	0	0	0	101	0.007013	3.681857	0	
berlin10_d5	10	45	5	6019	6019.000000	929	929	441	0	451	315	77	0	77	0	0	0	0	0	101	0.006363	3.700673	0	
berlin10_d5	10	45	5	6019	6019.000000	1213	1213	566	0	451	315	78	0	78	0	0	0	0	0	101	0.006499	4.663927	0	
berlin10_d5	10	45	5	6019	6019.000000	945	945	454	0	451	315	75	0	75	0	0	0	0	0	101	0.007508	3.824477	0	
berlin10_d5	10	45	5	6019	6019.000000	827	827	396	0	451	315	63	0	63	0	0	0	0	0	101	0.007333	3.044604	0	
berlin10_d5	10	45	5	6019	6019.000000	899	899	435	0	451	315	70	0	70	0	0	0	0	0	101	0.007120	1.900005	0	
berlin10_d5	10	45	5	6019	6019.000000	871	871	420	0	451	315	73	0	73	0	0	0	0	0	101	0.007296	2.028160	0	
berlin10_d5	10	45	5	6019	6019.000000	929	929	447	0	451	315	74	0	74	0	0	0	0	0	101	0.007667	1.235531	0	
berlin10_d5	10	45	5	6019	6019.000000	871	871	416	0	451	315	80	0	80	0	0	0	0	0	101	0.007207	1.282230	0	
berlin10_d5	10	45	5	6019	6019.000000	969	969	449	0	451	315	76	0	76	0	0	0	0	0	101	0.007237	1.274309	0	
berlin10_d5	10	45	5	6018	6018.000000	925	925	435	0	451	315	74	0	74	0	0	0	0	0	101	0.007432	1.229452	0	
berlin10_d5	10	45	5	6019	6019.000000	1021	1021	488	0	451	315	72	0	72	0	0	0	0	0	101	0.007368	1.234059	0	
berlin10_d5	10	45	5	6019	6019.000000	929	929	441	0	451	315	77	0	77	0	0	0	0	0	101	0.005465	3.935171	0	3	3
berlin10_d5	10	45	5	6019	6019.000000	929	929	441	0	451	315	77	0	77	0	0	0	0	0	101	0.005614	3.948453	0	3	3
berlin10_d5	10	45	5	6019	6019.000000	929	929	441	0	451	315	77	0	77	0	0	0	0	0	101	0.005816	3.849042	0	3	3
berlin10_d5	10	45	5	6019	6019.000000	1051	1051	495	0	451	315	73	0	73	0	0	0	0	0	101	0.007169	1.367758	0	6	3
berlin10_d3	10	45	5	3678	3678.000000	5	3	0	2	451	317	2	0	0	0	0	0	0	1	101	0.007386	0.010755	0	3	3
berlin52_d10	52	1326	10	10464	9640.472907	4613	3140	834	1473	27337	14280	28	0	0	0	0	0	0	28	107	16.189884	3603.506425	0	6	3
berlin10_d5	10	45	5	6019	6019.000000	929	929	441	0	451	315	77	0	77	0	0	0	0	0	101	0.008757	5.564999	0	3	1
berlin10_d5	10	45	5	6019	6019.000000	929	929	441	0	451	315	77	0	77	0	0	0	0	0	101	0.007950	5.284131	0	3	1
